17,48
39,40
9,14
40,37
33,32
19,2
2,27
24,27
40,49
43,12
38,3
50,16
23,25
40,44
41,31
37,9
30,25
50,38
38,40
26,23
23,44
20,47
2,10
45,46
21,35
48,22
50,23
48,39
16,40
28,48
36,17
39,14
39,11
7,14
37,27
13,38
36,9
34,8
43,33
31,42
7,28
31,22
17,1
25,17
49,4
15,37
21,3
2,11
16,8
25,2
34,37
41,21
45,26
30,38
11,10
29,17
39,6
12,15
22,12
19,38
50,39
41,1
49,8
11,25
9,44
11,1
17,6
29,46
45,39
8,25
5,46
38,45
3,1
10,25
14,28
14,16
18,4
16,18
11,28
43,21
24,3
24,40
37,6
31,44
42,18
39,44
18,50
20,33
27,34
48,44
39,16
13,2
43,5
24,16
10,47
5,21
39,9
33,30
24,47
27,50
30,27
45,21
42,7
22,34
12,45
42,6
43,41
49,19
27,12
19,4
