125,77
143,39
63,136
141,142
72,62
94,101
71,108
88,17
137,15
58,94
62,36
34,90
38,62
45,120
72,41
150,98
118,44
38,30
29,28
73,100
90,69
51,62
26,40
130,64
106,38
7,17
125,92
8,65
4,52
86,127
144,85
127,13
128,14
95,6
42,17
8,33
137,110
94,64
51,74
127,6
13,134
74,39
75,81
103,130
132,39
107,27
25,83
40,3
96,36
60,39
104,119
71,91
78,67
4,128
42,131
35,54
114,108
92,90
38,97
70,71
135,78
98,9
10,39
63,7
126,123
46,79
91,18
19,71
84,75
48,125
55,83
80,70
92,74
61,130
20,130
50,4
109,49
64,20
139,29
27,16
1,124
95,143
43,15
115,127
89,13
3,143
147,83
114,88
6,25
119,77
56,71
80,15
21,45
34,62
73,112
137,21
20,30
88,134
58,26
48,60
71,96
142,86
86,49
110,54
125,68
26,106
82,47
53,17
108,125
31,34
2,17
107,73
46,96
56,5
121,6
65,93
101,108
29,88
7,138
44,33
55,69
139,38
115,41
107,124
67,137
60,120
55,68
42,3
13,98
7,35
5,71
128,7
29,6
95,87
45,138
119,2
108,9
91,125
101,47
98,18
85,59
39,140
126,81
142,138
80,148
23,84
121,52
142,51
57,86
137,3
125,105
56,83
16,147
109,116
95,56
35,30
17,74
71,142
56,114
32,135
13,106
120,133
7,111
33,115
99,71
117,73
78,75
57,93
71,15
58,67
123,93
148,139
32,123
31,63
9,96
70,128
78,76
140,13
92,88
83,111
11,10
35,119
4,7
73,8
48,25
40,79
147,123
44,5
68,113
34,47
91,23
59,32
111,44
142,23
105,26
43,109
84,78
20,7
137,127
129,34
1,18
15,49
140,110
105,57
124,40
104,64
62,64
148,74
107,41
148,62
119,41
20,52
20,91
58,7
119,36
92,21
54,106
69,95
65,75
54,39
114,7
4,77
70,1
1,79
94,50
42,62
142,61
113,12
53,21
18,73
108,11
93,63
117,63
60,83
137,113
23,2
119,79
78,90
131,130
18,74
30,59
135,21
21,98
32,125
20,101
47,29
112,41
92,130
103,53
114,141
15,39
142,133
117,70
124,97
49,44
21,130
4,57
1,77
4,84
51,75
87,150
104,100
40,97
131,143
149,94
133,13
132,27
47,150
96,72
97,46
115,19
78,119
45,131
63,147
55,149
146,60
98,88
58,130
80,108
74,114
22,107
140,68
107,137
42,105
85,6
123,12
26,99
141,122
79,53
104,16
147,103
103,55
83,84
64,6
100,86
14,89
55,120
128,96
74,62
4,98
73,29
47,63
1,27
115,21
62,120
88,111
73,41
67,5
26,130
62,125
116,120
97,93
65,20
4,68
118,76
149,66
40,51
92,56
26,8
16,98
100,82
4,126
61,117
100,126
41,65
147,137
7,113
59,62
83,78
39,81
143,78
131,84
134,103
41,9
110,56
8,112
39,63
87,100
127,121
55,25
10,61
137,68
25,69
51,39
141,31
24,124
35,65
34,145
120,93
106,9
